80000000000 100000000000 189.7277288204059
92201845430 112201845430 185.0019320100546
105892541179 125892541179 188.56837821565568
121253754462 141253754462 193.47261463850737
138489319246 158489319246 195.80389037635177
157827941004 177827941004 199.3819680325687
179526231497 199526231497 193.3864776296541
203872113857 223872113857 197.58293140027672
231188643151 251188643151 198.48560965806246
261838293126 281838293126 194.60720999725163
296227766017 316227766017 199.9318988006562
334813389234 354813389234 199.3361764214933
378107170553 398107170553 196.5597096281126
426683592151 446683592151 197.23045895062387
481187233627 501187233627 201.87458950001746
542341325190 562341325190 201.68710477091372
610957344480 630957344480 203.03248882107437
687945784384 707945784384 197.10916223283857
774328234724 794328234724 198.65320959314704
871250938134 891250938134 200.34494325798005
980000000000 1000000000000 201.5218101721257
1102018454302 1122018454302 224.81607574783266
1238925411794 1258925411794 220.45147737115622
1392537544623 1412537544623 223.84527753759176
1564893192461 1584893192461 225.4608942968771
1758279410039 1778279410039 224.44509957917035
1975262314969 1995262314969 223.90169951226562
2218721138568 2238721138568 225.9558748882264
2491886431510 2511886431510 230.52865703962743
2798382931264 2818382931264 228.4845679095015
3142277660168 3162277660168 228.73768163006753
3528133892336 3548133892336 227.16976534295827
3961071705535 3981071705535 229.3977323975414
4446835921510 4466835921510 226.24375552404672
4991872336273 5011872336273 230.62521631270647
5603413251903 5623413251903 226.1984886098653
6289573444802 6309573444802 233.53643261175603
7059457843841 7079457843841 237.1358813373372
7923282347243 7943282347243 234.10911632794887
8892509381337 8912509381337 231.44629852008075
9980000000000 10000000000000 227.05430774390697
11200184543020 11220184543020 231.04135004337877
12569254117942 12589254117942 230.7076442958787
14105375446228 14125375446228 231.30730353016406
15828931924611 15848931924611 232.1633534412831
17762794100389 17782794100389 235.73454277496785
19932623149689 19952623149689 230.46273301169276
22367211385683 22387211385683 233.70214505959302
25098864315096 25118864315096 240.70431091170758
28163829312644 28183829312644 234.44651829171926
31602776601684 31622776601684 234.87561413645744
35461338923358 35481338923358 234.47210695128888
39790717055350 39810717055350 236.8196510951966
44648359215096 44668359215096 232.40716602094471
50098723362727 50118723362727 240.9173146141693
56214132519035 56234132519035 233.431380382739
63075734448019 63095734448019 241.04019720014185
70774578438414 70794578438414 234.38082921970636
79412823472428 79432823472428 237.93536116182804
89105093813374 89125093813374 238.33591527491808
99980000000000 100000000000000 238.08664089627564
112181845430197 112201845430197 235.67114773672074
125872541179417 125892541179417 239.76568605285138
141233754462276 141253754462276 239.99250300880522
158469319246111 158489319246111 241.5343703823164
177807941003892 177827941003892 238.4475377816707
199506231496888 199526231496888 247.59274369105697
223852113856834 223872113856834 238.46087330579758
251168643150958 251188643150958 245.07563405577093
281818293126445 281838293126445 239.20416081976146
316207766016838 316227766016838 243.60875308234245
354793389233576 354813389233576 243.43928107246757
398087170553497 398107170553497 249.8202979620546
446663592150964 446683592150964 240.01512996573
501167233627271 501187233627271 246.62720846291631
562321325190349 562341325190349 244.5253835460171
630937344480194 630957344480194 244.94181537814438
707925784384137 707945784384137 246.8414439605549
794308234724282 794328234724282 249.3603457082063
891230938133744 891250938133744 248.23711679782718
999980000000000 1000000000000000 246.6691108169034
1121998454301965 1122018454301965 250.01843250822276
1258905411794171 1258925411794171 244.80168369505554
1412517544622756 1412537544622756 249.7115283785388
1584873192461111 1584893192461111 250.71873372327536
1778259410038923 1778279410038923 250.26647820416838
1995242314968883 1995262314968883 252.20037882495672
2238701138568347 2238721138568347 251.2713956590742
2511866431509582 2511886431509582 252.6512863105163
2818362931264449 2818382931264449 251.88782489858568
3162257660168380 3162277660168380 250.36601592507213
3548113892335760 3548133892335760 252.90712486486882
3981051705534986 3981071705534986 262.47869845759124
4466815921509635 4466835921509635 257.01544810831547
5011852336272715 5011872336272715 253.95853980164975
5623393251903491 5623413251903491 254.32119421381503
6309553444801943 6309573444801943 256.0713768331334
7079437843841402 7079457843841402 258.9971711738035
7943262347242821 7943282347242821 258.430229190737
8912489381337441 8912509381337441 256.3114934377372
9999980000000000 10000000000000000 258.00987138878554
11220164543019652 11220184543019652 258.51893526129425
12589234117941714 12589254117941714 259.3820161856711
14125355446227496 14125375446227496 261.16005508601665
15848911924611108 15848931924611108 258.31760794017464
17782774100389228 17782794100389228 260.138176930137
19952603149688828 19952623149688828 260.3357948474586
22387191385683468 22387211385683468 264.5118656940758
25118844315095720 25118864315095720 261.79751699697226
28183809312644492 28183829312644492 262.51001579873264
31622756601683792 31622776601683792 265.0148614877835
35481318923357604 35481338923357604 262.825595443137
39810697055349856 39810717055349856 263.9131432622671
44668339215096168 44668359215096168 263.45240180846304
50118703362727144 50118723362727144 265.9194563468918
56234112519034904 56234132519034904 266.2132650660351
63095714448019432 63095734448019432 266.34348919894546
70794558438414024 70794578438414024 267.2446006638929
79432803472427888 79432823472427888 270.46490762382746
89125073813374400 89125093813374400 269.77940518129617
99999980000000000 100000000000000000 267.4797810232267
112201825430196528 112201845430196528 270.81895288079977
125892521179417136 125892541179417136 272.4908873876557
141253734462274960 141253754462274960 274.2745425058529
158489299246111104 158489319246111104 270.6332298759371
177827921003892288 177827941003892288 269.31208689697087
199526211496888288 199526231496888288 274.17504241503775
223872093856834688 223872113856834688 272.019407867454
251188623150957184 251188643150957184 272.3858565501869
281838273126444928 281838293126444928 273.0268147215247
316227746016837952 316227766016837952 269.8761827638373
354813369233576064 354813389233576064 278.01052795443684
398107150553498560 398107170553498560 278.0336352773011
446683572150961664 446683592150961664 271.1019253078848
501187213627271488 501187233627271488 267.98332629725337
562341305190349056 562341325190349056 272.1443896656856
630957324480194304 630957344480194304 273.06441777478904
707945764384140160 707945784384140160 275.1826836951077
794328214724278912 794328234724278912 275.3413117043674
891250918133744000 891250938133744000 274.81978515163064
999999980000000000 1000000000000000000 275.6881337473169
1122018434301965312 1122018454301965312 281.07631247024983
1258925391794171392 1258925411794171392 281.0756543148309
1412537524622749696 1412537544622749696 277.360914779827
1584893172461110784 1584893192461110784 281.1924077095464
1778279390038922752 1778279410038922752 281.7844406673685
1995262294968882944 1995262314968882944 280.4301105197519
2238721118568346880 2238721138568346880 284.39561983477324
2511886411509572096 2511886431509572096 284.08184386137873
2818382911264449024 2818382931264449024 281.9548655562103
3162277640168379392 3162277660168379392 282.6321016456932
3548133872335760384 3548133892335760384 286.24218787718564
3981071685534985728 3981071705534985728 283.49282181821764
4466835901509616640 4466835921509616640 285.25905279815197
5011872316272714752 5011872336272714752 284.00440154690295
5623413231903491072 5623413251903491072 284.0576786957681
6309573424801942528 6309573444801942528 288.2955059930682
7079457823841401856 7079457843841401856 288.07478520739824
7943282327242788864 7943282347242788864 292.0886537153274
8912509361337440256 8912509381337440256 291.7898524245247
9999999980000000000 10000000000000000000 290.3136256467551
11220184523019653120 11220184543019653120 294.1989603592083
12589254097941712896 12589254117941712896 291.73273134138435
14125375426227496960 14125375446227496960 296.74327285867184
15848931904611237888 15848931924611237888 297.3742020204663
17782794080389228544 17782794100389228544 301.33964474033564
19952623129688827904 19952623149688827904 296.3489017346874
22387211365683468288 22387211385683468288 301.75759969092906
25118864295095719936 25118864315095719936 305.7503554811701
28183829292644722688 28183829312644722688 304.80051373969764
31622776581683791872 31622776601683791872 307.17771171219647
35481338903357601792 35481338923357601792 309.53837185446173
39810717035349858304 39810717055349858304 307.62688539456576
44668359195096168448 44668359215096168448 313.566659424454
50118723342727559168 50118723362727559168 315.0294760596007
56234132499034904576 56234132519034904576 317.36809981334955
63095734428019423232 63095734448019423232 320.96094147954136
70794578418414024704 70794578438414024704 321.57014589663595
79432823452427892736 79432823472427892736 324.77593772206455
89125093793375139840 89125093813375139840 327.5590268243104
99999999980000000000 100000000000000000000 330.52055107988417
